487 5391
487 5 5
487 6 135
487 10 10
487 11 390
487 15 5
487 20 5
487 21 120
487 23 5
487 25 10
487 26 740
487 49 5
487 54 5
487 55 5
487 69 5
487 70 5
487 73 5
487 75 5
487 78 5
487 79 5
487 144 10
487 145 5
487 148 250
487 152 5
487 162 240
1 3 380
1 4 10
1 6 5
1 10 5
1 11 10
1 24 125
1 26 835
1 69 5
2 3 9360
2 5 10
2 6 4055
2 7 10
2 8 10
2 9 1125
2 10 5
2 11 270
2 12 5
2 13 5
2 14 1160
2 15 1860
2 16 565
2 17 125
2 20 1440
2 23 15
2 24 9665
2 25 10
2 26 8185
2 36 130
2 40 5
2 48 5
2 49 435
2 50 5
2 53 200
2 54 3260
2 55 10
2 57 5
2 58 5
2 60 125
2 62 5
2 68 5
2 69 135
2 70 125
2 73 12710
2 75 395
2 76 5
2 77 145
2 78 20
2 82 5
2 98 5
2 144 5
2 148 265
2 152 5
2 162 5
2 169 5
2 170 5
2 173 5
2 175 5
2 177 265
2 179 5
2 181 5
2 188 125
2 190 10
2 191 10
3 5 130
3 6 2375
3 7 150
3 8 140
3 9 3200
3 10 5
3 11 2020
3 14 5
3 15 155
3 16 1005
3 20 880
3 22 120
3 23 5
3 24 11195
3 25 5
3 26 8995
3 36 130
3 54 1310
3 70 5
3 73 2270
3 78 10
3 148 280
3 152 5
3 190 5
3 191 5
4 10 5
4 11 5
4 26 10
4 49 5
4 69 5
4 144 5
4 148 5
5 6 3200
5 7 165
5 8 140
5 9 175
5 10 10
5 11 50
5 12 165
5 14 130
5 15 10
5 16 10
5 17 245
5 20 15
5 21 5
5 23 5
5 24 10
5 26 160
5 33 5
5 36 5
5 43 5
5 49 5
5 54 160
5 55 140
5 62 10
5 68 5
5 69 10
5 73 595
5 78 10
5 145 5
5 148 1365
5 152 5
5 162 5
5 170 5
5 188 5
5 190 5
6 7 440
6 8 1220
6 9 2440
6 10 10
6 11 3585
6 12 160
6 13 495
6 14 5760
6 15 8190
6 16 415
6 17 295
6 18 5
6 20 1275
6 21 10
6 22 5
6 23 1525
6 24 18005
6 25 3905
6 26 18635
6 29 5
6 30 5
6 31 5
6 32 10
6 36 1280
6 37 5
6 38 5
6 40 10
6 41 5
6 44 5
6 48 20
6 49 420
6 50 5
6 52 10
6 53 460
6 54 16505
6 55 2285
6 56 5
6 57 5
6 58 5
6 59 315
6 61 5
6 62 255
6 65 5
6 67 10
6 68 580
6 69 2650
6 70 830
6 72 5
6 73 48465
6 75 725
6 76 5
6 77 135
6 78 610
6 79 915
6 106 5
6 109 5
6 144 180
6 145 425
6 148 17735
6 152 25
6 154 5
6 156 5
6 158 5
6 160 5
6 162 14265
6 164 5
6 169 5
6 170 470
6 173 15
6 175 5
6 177 335
6 179 15
6 181 10
6 186 5
6 188 10
6 190 770
6 191 1385
6 193 5
6 195 5
6 210 5
6 463 5
7 8 155
7 10 5
7 11 10
7 13 5
7 15 5
7 20 155
7 21 5
7 24 475
7 26 155
7 54 5
7 73 295
7 148 15
7 162 5
7 190 5
7 191 5
8 13 5
8 20 5
8 24 415
8 25 5
8 26 140
8 27 5
8 54 510
8 55 5
8 70 5
8 73 535
8 148 895
8 190 5
9 11 10
9 12 5
9 13 440
9 14 2845
9 16 750
9 17 2275
9 20 1365
9 23 150
9 24 5485
9 26 810
9 47 5
9 49 245
9 50 5
9 52 5
9 53 395
9 54 12610
9 55 5
9 60 5
9 62 5
9 69 130
9 70 5
9 71 5
9 72 5
9 73 7625
9 75 500
9 76 135
9 77 5
9 78 1395
9 79 5
9 98 5
9 148 1750
9 162 170
9 177 140
9 181 5
9 188 5
9 189 5
9 190 5
9 191 5
9 219 5
10 11 3390
10 20 5
10 21 125
10 23 5
10 24 160
10 26 295
10 33 5
10 54 10
10 69 5
10 73 5
10 78 5
10 144 125
10 145 10
10 148 905
11 13 5
11 14 120
11 15 10
11 16 240
11 17 120
11 20 185
11 21 630
11 22 585
11 23 4125
11 24 2540
11 25 225
11 26 24760
11 30 5
11 36 5
11 40 5
11 44 5
11 54 20
11 55 135
11 62 5
11 69 170
11 70 10
11 73 3395
11 75 130
11 76 5
11 77 5
11 78 10
11 79 5
11 144 20
11 145 25
11 148 6715
11 149 5
11 150 5
11 152 10
11 162 5
11 170 5
11 177 5
11 190 5
12 13 735
12 14 160
12 15 165
12 16 5
12 18 5
12 19 5
12 20 630
12 24 135
12 26 5
12 49 5
12 54 5
12 69 5
12 73 5
12 78 10
12 148 165
12 170 5
13 14 1250
13 16 890
13 17 5
13 20 430
13 24 570
13 26 150
13 36 5
13 54 3145
13 55 5
13 69 135
13 73 2260
13 78 1190
13 148 5
13 162 215
13 179 5
13 190 5
14 15 1170
14 16 150
14 17 595
14 20 710
14 23 5
14 24 4170
14 26 1015
14 36 5
14 40 5
14 49 10
14 52 10
14 53 200
14 54 12520
14 55 405
14 56 135
14 58 10
14 59 165
14 62 5
14 67 5
14 69 295
14 70 585
14 73 16395
14 75 935
14 76 5
14 77 5
14 78 440
14 79 130
14 144 5
14 145 10
14 148 2650
14 152 125
14 162 1145
14 169 5
14 170 410
14 173 10
14 175 5
14 177 5
14 179 15
14 188 5
14 190 5
14 191 680
15 20 550
15 24 5410
15 25 5
15 26 1085
15 27 5
15 31 5
15 33 5
15 36 720
15 40 5
15 41 5
15 48 5
15 49 10
15 52 5
15 53 5
15 54 2855
15 55 590
15 56 425
15 59 5
15 62 285
15 67 5
15 68 5
15 69 25
15 70 1060
15 73 8995
15 75 995
15 78 1030
15 79 5
15 106 5
15 145 5
15 148 290
15 162 5
15 177 5
15 179 5
15 188 5
15 191 10
16 17 295
16 20 155
16 22 5
16 23 5
16 24 2970
16 26 5
16 49 5
16 54 495
16 69 5
16 73 735
16 75 5
16 78 265
16 79 5
16 148 130
17 20 10
17 24 730
17 26 10
17 49 5
17 54 1105
17 73 1580
17 148 120
18 19 10
18 20 5
18 69 5
18 73 15
18 78 10
18 145 5
18 148 5
18 162 5
18 191 5
19 20 10
19 49 5
19 54 5
19 60 5
19 69 10
19 73 5
19 75 5
19 78 10
19 188 5
20 22 5
20 23 5
20 24 3740
20 25 5
20 26 15
20 36 10
20 37 5
20 40 5
20 43 5
20 48 5
20 49 15
20 54 9535
20 55 5
20 60 5
20 69 20
20 72 5
20 73 5675
20 75 25
20 78 6260
20 79 5
20 98 5
20 108 5
20 145 10
20 148 15
20 152 5
20 169 5
20 170 5
20 173 5
20 177 5
20 178 5
20 188 5
20 190 5
20 191 5
21 22 120
21 25 5
21 26 285
21 144 10
21 145 5
21 148 20
21 152 5
21 160 5
21 193 5
21 195 5
21 210 5
22 24 5
22 25 5
22 26 10
22 54 5
22 55 5
22 70 5
22 73 10
22 78 5
22 79 5
22 144 10
22 145 5
22 148 280
22 152 5
22 158 5
22 160 5
22 162 5
22 193 5
22 195 5
22 204 5
22 210 5
23 24 420
23 25 665
23 26 1575
23 54 5
23 69 5
23 70 5
23 73 155
23 78 10
23 148 150
23 170 5
24 25 10
24 26 4050
24 27 5
24 36 1710
24 49 125
24 53 5
24 54 11100
24 55 370
24 62 120
24 69 525
24 70 245
24 73 49745
24 75 250
24 78 950
24 79 5
24 145 5
24 148 3810
24 170 175
24 177 140
24 179 5
24 190 355
25 26 2770
25 33 5
25 36 5
25 54 130
25 55 5
25 56 5
25 62 5
25 68 5
25 69 10
25 70 5
25 73 1160
25 75 5
25 78 5
25 79 5
25 145 10
25 148 1860
25 162 200
26 27 10
26 32 10
26 33 10
26 34 5
26 36 165
26 37 5
26 40 10
26 41 5
26 43 5
26 44 5
26 48 5
26 49 480
26 50 10
26 52 5
26 53 210
26 54 2605
26 55 675
26 56 180
26 57 5
26 58 5
26 59 165
26 61 10
26 62 165
26 67 10
26 68 5
26 69 410
26 70 245
26 73 11660
26 75 365
26 77 5
26 78 765
26 79 75
26 144 80
26 145 45
26 148 8540
26 149 5
26 150 5
26 152 40
26 156 5
26 160 5
26 162 760
26 166 5
26 168 5
26 170 10
26 177 145
26 190 5
26 191 10
27 28 5
27 31 155
27 32 10
27 36 15
27 37 5
27 38 5
27 39 5
27 41 15
27 44 5
27 45 10
27 46 5
28 35 5
28 37 15
28 38 10
28 39 120
28 41 5
28 42 5
28 43 10
28 46 105
29 35 10
29 38 275
29 42 5
30 40 10
30 145 5
31 32 970
31 33 10
31 35 10
31 36 355
31 37 565
31 38 10
31 39 10
31 41 5
31 42 5
31 43 10
31 44 5
31 45 220
31 46 240
31 162 5
32 35 5
32 36 10
32 37 15
32 38 5
32 39 10
32 41 5
32 43 5
32 45 5
32 46 10
32 54 5
32 79 5
32 162 5
33 36 10
33 44 5
33 45 10
33 62 5
33 68 5
33 69 5
33 73 5
33 79 5
33 148 5
34 35 10
34 38 5
34 46 5
34 49 5
34 69 5
35 37 5
35 38 10
35 41 10
35 42 5
35 43 130
35 46 115
36 40 5
36 41 5
36 44 5
36 45 445
36 46 5
36 49 5
36 54 180
36 55 10
36 68 5
36 69 5
36 70 5
36 73 1095
36 75 5
36 78 5
36 106 5
36 148 10
36 179 5
36 191 5
37 38 5
37 39 180
37 41 5
37 42 10
37 43 1095
37 44 5
37 45 5
37 46 120
37 148 5
37 162 5
38 39 5
38 40 5
38 41 5
38 42 10
38 43 5
38 45 5
38 46 15
38 69 5
39 41 5
39 42 5
39 44 5
39 46 115
40 145 5
40 148 10
40 162 5
41 42 5
41 46 5
41 148 5
42 43 140
42 46 225
43 46 235
43 145 5
44 144 5
44 145 5
44 148 5
44 152 5
44 162 5
47 49 140
47 51 5
47 62 5
47 69 5
47 73 350
47 78 5
47 148 5
47 169 5
47 173 10
47 175 5
47 176 5
47 177 10
47 179 5
47 188 5
47 190 5
47 191 5
48 49 5
48 55 5
48 57 5
48 59 165
48 60 10
48 61 840
48 62 5
48 65 5
48 67 315
48 68 5
48 69 28375
48 73 665
48 78 5
48 79 5
48 81 10
48 82 5
48 84 5
48 86 5
48 89 5
48 97 10
48 98 7065
48 105 5
48 106 6355
48 107 5
48 108 5
48 109 10
48 169 170
48 170 10
48 171 145
48 172 5
48 173 140
48 175 15
48 176 5
48 177 310
48 179 5
48 181 290
48 185 5
48 186 10
48 187 5
48 188 275
48 189 10
48 190 15
48 191 20
49 54 35
49 55 3135
49 57 5
49 59 390
49 60 140
49 61 15
49 62 990
49 67 10
49 69 65620
49 73 23450
49 75 155
49 78 10
49 79 1315
49 98 145
49 100 5
49 106 355
49 108 5
49 109 5
49 145 5
49 148 175
49 169 1365
49 170 905
49 171 5
49 173 640
49 174 5
49 175 15
49 177 3630
49 179 305
49 181 5
49 183 5
49 186 185
49 188 2225
49 189 5
49 190 7050
49 191 6205
49 196 5
49 206 5
49 219 5
50 52 1055
50 54 10
50 63 335
50 66 160
50 71 1460
50 72 165
50 73 5
50 77 1655
50 78 15
50 169 5
50 170 5
50 175 5
50 177 5
50 179 5
50 188 5
50 190 5
51 55 2180
51 62 140
51 73 1435
51 169 5
51 170 10
51 177 5
52 54 5
52 58 1480
52 66 5
52 70 5
52 71 145
52 72 440
52 73 165
52 76 315
52 77 1100
52 78 125
52 148 10
52 152 5
52 169 5
52 170 10
52 173 5
52 177 5
52 179 5
52 188 5
52 191 5
53 54 1500
53 55 5
53 69 5
53 73 32840
53 75 2300
53 78 200
53 109 5
53 148 5
53 170 5
53 179 5
53 191 140
54 55 3855
54 56 5
54 58 5
54 59 5
54 61 5
54 62 5
54 67 175
54 68 15
54 69 4580
54 70 9485
54 72 15
54 73 155775
54 75 14460
54 76 5
54 77 5
54 78 27000
54 79 860
54 106 10
54 108 5
54 109 5
54 145 15
54 148 1395
54 152 5
54 162 5
54 169 15
54 170 330
54 172 5
54 173 20
54 174 5
54 175 10
54 177 10
54 178 5
54 179 5
54 183 10
54 184 5
54 186 5
54 188 5
54 190 3540
54 191 960
54 193 5
54 206 5
55 59 5
55 62 6680
55 67 10
55 69 54900
55 70 5
55 73 152460
55 75 5
55 78 3025
55 79 3000
55 106 980
55 145 5
55 148 370
55 169 350
55 170 1750
55 173 345
55 175 15
55 177 870
55 178 5
55 179 330
55 180 5
55 183 5
55 188 725
55 190 12290
55 191 8140
55 202 5
55 206 5
56 58 1220
56 70 840
56 73 21085
56 145 5
57 59 5
57 62 5
57 65 115
57 67 5
57 69 10
57 73 5
57 79 5
57 148 10
57 152 5
57 164 5
57 169 5
57 170 5
57 173 5
57 175 5
57 176 5
57 177 5
57 179 5
57 181 5
57 188 10
57 190 10
57 191 5
57 219 5
58 69 5
58 70 1435
58 72 400
58 73 4075
58 75 130
58 76 5
58 77 160
58 78 5
58 148 5
58 152 5
58 169 5
58 170 5
58 173 5
58 177 5
58 188 5
58 191 10
59 62 5
59 65 5
59 67 485
59 68 170
59 69 7940
59 73 315
59 78 170
59 79 1000
59 106 760
59 109 165
59 148 310
59 169 145
59 170 310
59 173 145
59 177 170
59 179 145
59 188 170
59 190 460
59 191 310
60 61 1295
60 67 5
60 68 5
60 69 11085
60 73 1440
60 82 5
60 86 5
60 91 5
60 97 5
60 98 4405
60 99 5
60 100 5
60 105 435
60 106 17295
60 108 1455
60 109 2175
60 111 15
60 169 350
60 171 155
60 172 170
60 173 10
60 174 5
60 175 235
60 176 5
60 177 11585
60 178 15
60 179 5
60 180 10
60 181 345
60 184 5
60 186 5
60 188 6970
60 189 5
60 190 175
60 191 4850
60 202 5
60 205 10
60 206 5
60 219 5
60 230 5
61 68 200
61 69 48760
61 73 3560
61 81 10
61 82 705
61 86 15
61 88 5
61 93 10
61 97 10
61 98 7865
61 99 5
61 100 5
61 105 160
61 106 8365
61 108 5
61 109 355
61 111 5
61 145 5
61 148 10
61 160 5
61 167 5
61 168 5
61 169 430
61 170 10
61 171 145
61 172 10
61 173 575
61 174 5
61 175 240
61 176 10
61 177 4360
61 179 10
61 181 510
61 183 5
61 185 5
61 186 5
61 188 1025
61 189 10
61 190 2730
61 191 6015
61 463 5
61 483 5
62 65 10
62 67 155
62 69 23050
62 73 108675
62 74 140
62 78 5
62 79 350
62 82 5
62 98 140
62 106 175
62 109 5
62 145 5
62 148 175
62 169 10
62 170 195
62 171 140
62 173 165
62 175 15
62 177 5
62 179 15
62 181 5
62 183 5
62 188 10
62 189 10
62 190 315
62 191 595
63 64 25
63 67 5
63 71 1645
63 73 5
63 77 5
63 78 10
63 148 10
63 170 10
63 177 5
63 181 5
63 188 5
63 190 5
63 191 5
63 472 5
64 181 10
64 472 5
65 67 10
65 69 5
65 73 10
65 78 5
65 79 5
65 148 10
65 170 5
65 176 5
65 177 10
65 181 5
65 186 5
65 188 5
65 190 5
65 191 5
66 71 10
66 77 5
67 68 5
67 69 15055
67 73 660
67 74 790
67 78 175
67 79 1225
67 98 5
67 106 175
67 108 5
67 109 5
67 148 25
67 169 20
67 170 155
67 171 145
67 172 5
67 173 145
67 175 10
67 176 5
67 177 155
67 179 10
67 181 150
67 183 5
67 185 5
67 186 5
67 188 155
67 189 10
67 190 300
67 191 285
67 219 5
67 230 5
68 69 19775
68 73 18090
68 82 5
68 86 5
68 91 5
68 93 5
68 97 5
68 98 10
68 105 5
68 106 2750
68 109 2615
68 145 5
68 148 10
68 169 10
68 170 5
68 171 5
68 173 10
68 176 5
68 177 15
68 179 10
68 181 5
68 183 5
68 185 5
68 186 5
68 188 15
68 190 10
68 191 10
68 219 5
69 70 190
69 73 176030
69 75 340
69 78 780
69 79 6570
69 81 345
69 82 10
69 93 285
69 97 5
69 98 29405
69 99 285
69 100 15
69 105 355
69 106 56505
69 108 2130
69 109 5030
69 111 5
69 144 5
69 145 10
69 148 185
69 155 5
69 162 5
69 169 8605
69 170 6315
69 171 730
69 172 1840
69 173 7225
69 174 5
69 175 965
69 176 10
69 177 45820
69 178 300
69 179 7325
69 180 5
69 181 3085
69 182 5
69 183 20
69 184 5
69 185 10
69 186 10
69 187 5
69 188 38680
69 189 180
69 190 54750
69 191 64890
69 196 5
69 199 5
69 202 5
69 205 10
69 206 5
69 208 5
69 210 5
69 212 5
69 219 10
69 230 10
69 463 5
70 73 90090
70 75 1715
70 78 665
70 79 5
70 109 5
70 145 5
70 148 15
70 169 5
70 170 5
70 175 5
70 177 5
70 179 5
70 190 5
70 191 140
71 73 5
71 77 1380
71 78 10
71 170 5
71 177 5
71 181 5
71 188 5
71 190 5
71 467 5
72 75 5
72 76 150
72 78 285
73 74 5
73 75 44610
73 76 15
73 77 5
73 78 16215
73 79 89745
73 98 450
73 106 11155
73 108 25
73 109 45
73 141 5
73 144 5
73 145 10
73 148 10015
73 152 25
73 156 5
73 162 125
73 164 10
73 169 825
73 170 17580
73 171 350
73 172 5
73 173 360
73 174 10
73 175 35
73 176 5
73 177 12475
73 178 15
73 179 2155
73 180 5
73 181 25
73 183 15
73 186 10
73 188 2825
73 189 5
73 190 26915
73 191 19685
73 196 5
73 202 5
73 206 5
73 210 5
73 219 5
74 170 5
75 78 1240
75 145 5
75 148 285
75 169 330
75 170 665
75 173 335
75 177 180
75 179 5
75 188 180
75 190 135
75 191 330
76 77 5
76 78 10
76 170 5
76 179 5
77 78 10
77 148 135
77 170 140
78 79 165
78 109 5
78 145 5
78 148 20
78 152 10
78 162 105
78 169 5
78 170 5
78 173 5
78 174 5
78 175 5
78 177 5
78 179 5
78 181 5
78 183 5
78 188 5
78 190 5
78 191 290
78 219 5
79 145 5
79 148 5
79 170 305
79 177 180
79 179 135
79 183 5
79 188 10
79 190 485
79 191 140
80 85 710
80 94 5
80 96 255
80 97 10
80 104 5
80 107 10
80 109 10
80 126 5
80 181 5
80 188 5
80 205 5
80 483 5
81 82 120
81 83 5
81 84 270
81 86 20
81 87 5
81 88 140
81 89 10
81 90 5
81 91 5
81 93 10
81 95 5
81 97 5
81 98 10
81 106 15
81 109 5
81 172 5
81 176 5
81 177 5
81 179 5
81 181 5
81 184 5
81 185 5
81 188 5
81 190 5
81 191 10
81 219 5
81 456 5
81 463 10
81 467 10
81 471 5
81 472 5
81 483 10
82 83 5
82 84 10
82 86 15
82 88 10
82 89 5
82 90 120
82 92 10
82 93 135
82 95 5
82 97 770
82 106 5
82 107 5
82 169 10
82 170 5
82 172 5
82 173 125
82 175 5
82 176 5
82 177 5
82 179 5
82 181 5
82 185 5
82 186 5
82 188 10
82 190 5
82 191 135
82 463 120
82 467 5
82 483 5
83 87 130
83 89 15
83 90 5
83 93 5
83 95 5
83 97 460
83 109 5
83 176 5
83 181 10
83 185 5
83 186 5
83 457 10
83 458 10
83 459 10
83 463 35
83 464 5
83 467 25
83 471 20
83 472 10
83 473 10
83 475 5
83 477 5
83 480 5
83 483 45
83 484 5
84 89 5
84 98 5
84 179 5
84 188 5
84 190 5
84 191 5
85 89 5
85 93 5
85 96 1060
85 97 135
85 104 5
85 109 5
85 185 5
85 188 5
85 219 5
85 463 5
85 467 5
86 88 10
86 89 5
86 90 125
86 91 5
86 92 585
86 93 1410
86 95 5
86 97 140
86 106 5
86 109 5
86 169 5
86 172 5
86 177 5
86 191 5
86 219 5
86 463 5
86 467 5
86 483 5
87 104 10
87 107 5
87 108 5
87 109 10
87 114 5
87 148 5
87 176 10
87 177 5
87 181 185
87 185 5
87 186 10
87 188 5
87 205 5
87 219 5
87 463 15
87 467 10
87 472 5
88 89 5
88 90 5
88 91 5
88 93 10
88 94 5
88 95 5
88 97 875
88 106 5
88 107 5
88 172 5
88 173 5
88 176 5
88 181 10
88 188 5
88 191 5
88 463 5
88 483 5
89 90 5
89 93 5
89 97 155
89 176 5
89 177 5
89 181 5
89 185 5
89 188 5
89 191 5
89 219 5
89 456 5
89 457 5
89 463 5
89 466 5
89 467 20
89 471 5
89 474 5
89 475 5
89 477 5
89 483 15
89 484 5
90 91 120
90 92 120
90 93 120
90 94 5
90 95 125
90 97 935
90 106 5
90 463 265
90 467 5
90 483 5
91 92 5
91 93 165
91 95 5
91 97 140
91 105 5
91 106 10
91 169 5
91 171 5
91 172 5
91 173 5
91 175 5
91 176 5
91 177 10
91 179 5
91 181 10
91 182 5
91 185 5
91 187 5
91 188 5
91 189 5
91 190 10
91 191 10
91 219 5
91 463 5
91 483 5
92 93 810
92 97 5
92 106 5
92 188 5
92 483 5
93 94 5
93 95 10
93 96 5
93 97 175
93 106 620
93 107 10
93 109 10
93 111 5
93 172 5
93 173 5
93 176 10
93 177 10
93 179 5
93 181 10
93 186 5
93 188 10
93 189 5
93 190 5
93 191 5
93 456 10
93 463 5
93 467 5
93 473 5
93 483 5
93 486 5
94 97 10
94 99 5
94 181 5
94 463 125
94 483 125
95 97 430
95 463 110
96 97 135
96 109 5
96 463 5
97 98 170
97 99 10
97 100 5
97 101 5
97 104 5
97 106 5
97 108 145
97 109 10
97 111 5
97 113 5
97 170 5
97 172 5
97 176 10
97 177 5
97 179 5
97 181 10
97 185 5
97 186 5
97 188 10
97 190 10
97 191 315
97 219 5
97 456 15
97 457 5
97 458 5
97 459 5
97 463 1160
97 464 5
97 466 5
97 467 25
97 471 25
97 472 5
97 473 5
97 476 10
97 477 5
97 478 5
97 480 5
97 481 5
97 483 3070
97 485 5
97 486 5
98 105 875
98 106 32140
98 108 14665
98 109 1060
98 111 150
98 169 470
98 171 530
98 172 160
98 173 315
98 175 215
98 176 5
98 177 11390
98 178 5
98 179 135
98 180 5
98 181 4390
98 184 1755
98 185 5
98 186 160
98 188 11295
98 189 145
98 190 1485
98 191 4190
98 193 5
98 199 5
98 205 10
98 206 5
98 219 5
98 230 5
99 101 10
99 104 5
99 106 765
99 107 10
99 108 15
99 109 2350
99 111 5
99 112 350
99 113 15
99 115 5
99 120 5
99 127 5
99 141 10
99 169 155
99 171 5
99 175 5
99 176 15
99 177 145
99 180 5
99 181 190
99 185 10
99 186 5
99 187 5
99 188 10
99 189 5
99 205 5
99 219 5
99 230 5
100 101 5
100 105 5
100 106 14930
100 108 350
100 109 2215
100 111 805
100 112 140
100 173 10
100 176 5
100 177 445
100 181 1140
100 183 5
100 184 305
100 188 1685
100 191 455
100 230 5
101 104 5
101 107 5
101 109 810
101 111 5
101 112 610
101 113 4245
101 115 1350
101 141 250
101 176 5
101 181 5
101 185 5
101 186 5
101 188 5
101 219 5
102 103 1055
102 104 5
102 107 10
102 109 5
102 114 10
102 119 5
102 125 5
102 126 5
102 127 5
102 129 5
102 131 5
102 138 5
102 139 5
102 140 10
102 141 5
102 142 10
102 143 10
102 181 5
102 456 5
102 464 5
102 465 5
103 106 5
103 107 15
103 108 5
103 109 15
103 114 505
103 124 5
103 126 5
103 127 5
103 143 10
103 176 10
103 181 5
103 185 5
103 186 5
103 223 5
103 225 5
103 456 10
103 467 5
103 471 5
103 472 5
103 485 5
104 107 7440
104 109 20
104 112 5
104 169 5
104 175 5
104 176 10
104 177 5
104 181 10
104 184 140
104 185 5
104 186 145
104 199 5
104 219 5
104 230 5
105 106 10910
105 108 5
105 109 10
105 169 140
105 170 5
105 171 135
105 172 135
105 173 140
105 175 140
105 176 145
105 177 1800
105 181 620
105 182 5
105 184 5
105 185 5
105 186 5
105 187 5
105 188 1125
105 189 5
105 190 140
105 191 450
105 219 5
106 107 285
106 108 39475
106 109 45455
106 111 995
106 112 330
106 113 5
106 148 10
106 169 700
106 170 10
106 171 1450
106 172 345
106 173 545
106 174 10
106 175 1060
106 176 680
106 177 32675
106 178 845
106 179 20
106 180 10
106 181 21390
106 182 5
106 183 5
106 184 3345
106 185 195
106 186 2220
106 187 210
106 188 51820
106 189 550
106 190 820
106 191 24180
106 193 5
106 199 5
106 200 5
106 201 5
106 202 5
106 205 370
106 207 5
106 208 5
106 209 5
106 210 5
106 219 20
106 223 5
106 230 10
106 236 5
106 253 5
106 463 5
107 108 10
107 109 3580
107 110 3280
107 111 190
107 112 345
107 113 180
107 114 5
107 126 330
107 127 485
107 138 185
107 141 5440
107 172 5
107 173 135
107 176 35
107 177 5
107 178 5
107 181 20
107 182 5
107 185 20
107 186 10
107 187 5
107 188 160
107 219 15
107 223 5
107 225 5
107 230 5
107 483 5
108 109 34450
108 111 3240
108 113 10
108 123 5
108 127 165
108 130 145
108 141 10
108 148 5
108 169 290
108 171 1215
108 172 5
108 173 5
108 174 5
108 175 410
108 176 1890
108 177 3125
108 178 1705
108 180 10
108 181 28555
108 182 10
108 184 13610
108 185 330
108 186 18905
108 187 10
108 188 24105
108 189 15
108 191 2295
108 193 10
108 199 140
108 205 30
108 208 10
108 218 5
108 219 630
108 228 5
108 230 455
109 110 8350
109 111 1105
109 112 1695
109 113 25870
109 115 5055
109 116 10
109 119 5
109 120 10
109 122 10
109 123 10
109 124 5
109 125 25
109 126 295
109 127 640
109 128 5
109 129 150
109 130 150
109 133 2170
109 134 5
109 135 325
109 137 990
109 138 5
109 141 69705
109 143 5
109 148 10
109 169 610
109 170 165
109 171 1370
109 172 185
109 173 15
109 174 10
109 175 540
109 176 5170
109 177 4465
109 178 935
109 179 5
109 180 5
109 181 13180
109 182 165
109 183 5
109 184 5385
109 185 1130
109 186 18575
109 187 5
109 188 15665
109 189 10
109 190 165
109 191 1410
109 193 5
109 199 20
109 202 5
109 205 15
109 208 5
109 218 5
109 219 2245
109 223 10
109 225 5
109 230 30
109 463 5
109 479 5
109 480 5
110 127 170
110 141 9820
110 181 10
110 186 5
110 188 5
110 219 5
111 112 185
111 113 1770
111 141 5
111 176 295
111 177 325
111 178 205
111 181 640
111 184 420
111 188 1025
111 190 5
111 191 165
111 205 540
111 219 145
112 113 1120
112 129 165
112 169 5
112 175 5
112 176 10
112 181 10
112 182 5
112 186 5
112 187 5
112 188 145
112 230 10
113 115 5295
113 122 5
113 126 5
113 141 340
113 176 15
113 177 345
113 178 180
113 181 355
113 182 10
113 185 10
113 186 340
113 188 190
113 191 5
113 205 180
113 219 165
113 230 5
114 119 5
114 456 5
114 479 5
114 483 5
115 141 5
115 177 160
115 181 5
116 117 5
116 119 5
116 122 10
116 124 125
116 125 5
116 129 5
116 130 130
116 131 5
116 142 980
116 143 10
116 188 5
117 118 10
117 129 5
117 131 5
117 139 5
117 141 10
117 142 795
117 143 10
117 219 5
118 124 5
118 142 10
118 143 140
119 121 585
119 124 10
119 125 5
119 127 5
119 128 5
119 129 5
119 136 15
119 142 10
119 143 20
119 186 5
119 188 5
119 205 5
120 126 120
120 127 285
120 129 5
120 133 5
120 135 295
120 141 430
120 142 5
120 219 5
121 143 5
122 125 5
122 126 5
122 129 5
122 142 5
122 143 5
122 188 5
123 125 5
123 126 5
123 127 5
123 129 10
123 130 10
123 135 5
123 141 19055
123 178 5
123 184 5
123 186 5
123 205 5
123 219 5
124 131 10
124 132 10
124 136 10
124 141 160
124 142 265
124 143 555
125 126 10
125 127 20
125 129 25
125 133 160
125 134 10
125 135 5
125 137 785
125 141 1000
125 142 5
125 143 5
125 171 5
125 176 5
125 177 5
125 181 5
125 185 5
125 186 5
125 188 5
125 219 10
125 230 5
126 127 3050
126 129 10
126 130 5
126 133 5
126 137 160
126 141 4690
126 142 5
126 143 5
126 188 5
127 129 5
127 130 395
127 133 170
127 135 790
127 137 360
127 141 14085
127 142 10
127 143 5
127 176 5
127 178 165
127 181 5
127 186 165
127 188 5
127 219 5
128 138 5
129 130 135
129 133 160
129 134 5
129 135 5
129 137 240
129 138 5
129 139 5
129 140 10
129 141 1155
129 142 10
129 143 10
129 176 5
129 181 5
129 188 5
129 219 5
130 137 5
130 141 2165
131 139 10
131 141 5
131 142 10
131 143 10
132 141 5
132 142 135
132 143 5
133 137 155
133 141 11420
133 176 10
133 181 5
133 184 5
133 186 5
133 219 5
134 137 415
134 138 5
134 141 165
134 176 5
134 186 5
134 219 5
134 230 5
135 137 5
135 141 8260
135 142 5
135 188 5
137 141 3245
137 171 5
137 176 5
137 181 5
137 188 80
137 199 5
137 219 5
137 230 5
139 141 5
139 142 5
140 143 150
141 142 10
141 143 10
141 176 5
141 181 15
141 184 5
141 185 5
141 186 5
141 188 5
141 219 195
142 143 280
142 176 5
142 185 5
142 219 10
143 176 5
143 185 5
143 186 5
143 465 5
144 145 345
144 146 5
144 148 1340
144 152 715
144 154 90
144 158 90
144 160 95
144 161 5
144 162 90
144 164 90
144 195 90
145 146 1080
145 147 3400
145 148 6610
145 149 130
145 150 570
145 152 15
145 154 925
145 155 10
145 156 1435
145 158 1030
145 159 5
145 160 285
145 161 550
145 162 360
145 163 140
145 164 815
145 165 5
145 166 90
145 167 5
145 168 645
145 192 140
145 193 435
145 195 100
145 204 5
145 206 5
145 210 145
145 212 5
146 147 125
146 148 1260
146 149 240
146 150 5
146 153 5
146 154 5
146 155 105
146 156 890
146 158 210
146 159 5
146 160 5
146 161 90
146 162 105
146 164 5
146 166 5
146 167 130
146 168 590
146 193 5
146 194 5
146 203 130
147 148 1255
147 149 5
147 150 115
147 154 125
147 155 120
147 156 10
147 158 120
147 159 5
147 160 5
147 164 105
147 167 5
147 168 5
147 195 5
148 149 275
148 150 715
148 152 725
148 153 500
148 154 515
148 155 120
148 156 1060
148 158 725
148 159 115
148 160 535
148 161 465
148 162 1820
148 163 140
148 164 1045
148 166 920
148 167 5
148 168 480
148 169 5
148 170 325
148 172 5
148 173 5
148 174 5
148 175 5
148 177 320
148 179 165
148 181 5
148 183 5
148 186 5
148 188 10
148 190 1105
148 191 10
148 192 10
148 193 1760
148 194 15
148 195 125
148 196 125
148 197 10
148 200 5
148 202 120
148 203 385
148 204 10
148 206 5
148 209 155
148 210 3180
148 211 265
148 212 5
148 463 5
148 467 5
149 153 5
149 154 90
149 156 10
149 158 230
149 159 5
149 160 95
149 161 90
149 167 640
149 168 1085
149 192 5
149 193 105
149 194 5
149 195 5
149 203 130
149 204 5
149 206 5
149 210 5
150 154 115
150 156 1100
150 158 120
150 160 5
150 168 5
150 192 5
150 193 5
150 195 5
150 210 5
151 157 600
151 165 220
151 167 375
152 170 5
153 156 5
153 159 1290
153 160 505
153 167 5
153 175 5
153 192 550
153 193 275
153 194 350
153 195 5
153 196 10
153 200 5
153 202 5
153 203 425
153 209 5
153 210 4245
154 155 5
154 156 5
154 158 630
154 161 120
154 168 215
155 156 10
155 158 100
155 162 5
155 166 5
155 167 5
156 158 5
156 159 5
156 160 5
156 161 135
156 164 110
156 166 5
156 167 5
156 168 295
156 192 15
156 193 120
156 195 5
156 204 5
156 206 5
156 210 10
156 212 5
157 165 95
157 167 10
157 193 5
158 160 100
158 161 315
158 162 5
158 193 5
158 195 5
158 210 5
159 160 100
159 161 5
159 172 5
159 192 2625
159 193 1005
159 194 275
159 195 105
159 202 5
159 203 3595
159 204 145
159 207 5
159 210 4655
160 161 220
160 164 5
160 167 90
160 168 10
160 172 5
160 191 5
160 192 10
160 193 145
160 194 15
160 195 120
160 196 125
160 197 5
160 202 5
160 203 295
160 206 5
160 210 1365
161 167 135
161 168 90
161 192 5
161 210 5
162 164 1035
162 168 185
163 164 275
164 170 5
164 172 5
164 210 135
165 167 200
166 193 5
167 168 205
167 193 10
167 194 5
167 195 5
167 209 125
167 211 125
168 193 10
168 194 5
168 203 130
169 170 5
169 171 5
169 173 10
169 175 1425
169 177 8010
169 178 150
169 181 5225
169 184 5
169 186 1080
169 188 6420
169 189 5
169 190 965
169 191 5370
169 202 5
169 206 5
170 173 470
170 175 5
170 177 655
170 179 785
170 181 5
170 188 10
170 190 5890
170 191 765
170 475 5
171 175 5
171 176 5
171 177 15
171 178 165
171 180 10
171 181 17355
171 184 5
171 186 330
171 187 15
171 188 725
171 189 1530
171 191 195
171 205 190
171 219 5
172 173 500
172 174 10
172 177 1320
172 181 340
172 188 355
172 190 10
172 191 2795
172 196 5
173 174 15
173 175 10
173 176 5
173 177 6865
173 179 160
173 181 340
173 188 900
173 190 1040
173 191 19165
174 177 365
174 191 380
175 177 16825
175 178 690
175 180 5
175 181 865
175 186 10
175 188 22850
175 189 10
175 191 370
175 193 10
175 200 5
175 206 5
176 177 145
176 178 155
176 181 5590
176 182 1035
176 184 630
176 185 25645
176 186 38105
176 187 5
176 188 15
176 189 5
176 191 5
176 193 5
176 199 580
176 205 15
176 208 5
176 218 10
176 219 9875
176 225 10
176 228 395
176 230 10695
176 463 10
176 472 5
176 483 5
177 178 150
177 179 1325
177 180 5
177 181 10730
177 183 5
177 184 140
177 185 10
177 186 520
177 187 515
177 188 38845
177 189 355
177 190 3350
177 191 31450
177 219 5
177 230 5
177 475 5
177 483 5
178 180 430
178 181 3325
178 184 3660
178 186 2255
178 188 3545
178 189 10
178 190 295
178 191 185
178 193 5
178 199 5
178 201 5
178 202 5
178 205 15
178 208 5
178 212 5
178 219 5
179 181 5
179 183 15
179 188 5
179 190 8010
179 191 11165
180 181 140
180 184 5
180 186 160
180 187 150
180 188 150
180 189 140
180 191 5
180 193 5
180 202 5
180 205 15
180 206 5
180 208 5
180 212 10
180 219 5
181 182 640
181 184 13565
181 185 165
181 186 40825
181 187 1875
181 188 42530
181 189 23855
181 190 335
181 191 13330
181 199 5
181 205 365
181 219 995
181 225 5
181 230 15
181 463 5
181 471 5
181 483 10
182 184 5
182 185 5
182 186 10
182 188 5
182 205 5
182 219 5
182 230 10
182 471 5
183 191 150
184 185 5
184 186 7250
184 188 4560
184 191 335
184 199 5
184 205 1895
184 219 340
184 230 5
185 186 5480
185 188 5
185 199 5
185 205 10
185 218 1460
185 219 4995
185 222 5
185 223 5
185 225 270
185 228 4810
185 230 7390
185 463 5
185 467 5
186 187 210
186 188 15860
186 189 3240
186 190 125
186 191 5
186 199 5
186 205 585
186 208 5
186 218 5
186 219 5420
186 228 160
186 230 10
187 188 450
187 189 390
187 205 175
187 212 5
188 189 325
188 190 320
188 191 28480
188 199 5
188 202 5
188 208 5
188 219 195
188 230 5
188 463 5
188 475 5
188 483 5
189 191 5
189 205 15
190 191 9935
190 205 170
190 219 5
190 463 5
191 206 5
191 467 5
192 193 15
192 194 5
192 195 5
192 196 5
192 203 975
192 210 2030
192 211 5
193 194 5
193 195 1215
193 196 5
193 197 15
193 198 5
193 199 10
193 200 445
193 201 10
193 202 7655
193 203 140
193 204 4775
193 205 135
193 206 9545
193 207 285
193 208 1005
193 209 395
193 210 9185
193 211 1440
193 212 12615
193 213 200
193 214 5
193 215 20
193 218 5
193 219 10
193 232 10
193 233 5
193 234 5
193 236 15
193 237 5
193 239 5
193 241 5
193 252 5
193 253 445
193 257 5
193 260 135
193 278 5
193 444 125
194 195 115
194 196 1215
194 197 5
195 196 115
195 197 1070
195 202 10
195 203 5
195 204 10
195 206 125
195 207 130
195 208 5
195 210 5
195 215 5
196 202 5
197 200 5
197 202 5
197 206 5
197 207 10
197 211 5
197 212 130
197 232 5
198 200 130
198 201 5
198 204 1825
198 207 120
198 213 140
198 236 5
199 200 10
199 201 165
199 204 1585
199 205 10
199 206 5
199 207 160
199 208 370
199 209 5
199 212 5
199 213 890
199 215 150
199 218 10
199 219 830
199 223 10
199 224 5
199 225 140
199 228 5
199 230 180
199 232 165
199 233 415
199 234 10
199 235 5
199 236 1695
199 237 15
199 238 5
199 239 145
199 240 15
199 241 5
199 243 2465
199 244 375
199 245 410
199 253 10
199 257 5
199 261 5
199 263 5
199 278 5
199 293 5
200 201 10
200 202 10
200 204 3215
200 205 5
200 206 10
200 207 720
200 208 125
200 209 1040
200 211 255
200 212 270
200 213 10
200 214 140
200 215 5
200 219 265
200 232 405
200 236 130
200 239 5
200 252 5
201 204 150
201 205 10
201 206 5
201 207 15
201 208 125
201 209 5
201 212 5
201 213 20
201 215 5
201 219 10
201 232 5
201 236 5
201 239 5
201 253 5
202 203 5
202 204 980
202 206 875
202 207 250
202 208 5
202 209 5
202 210 10
202 211 15
202 212 930
202 215 5
202 219 5
202 232 5
202 236 5
202 239 5
203 210 1735
204 205 5
204 206 3670
204 207 8420
204 208 1205
204 209 150
204 210 5
204 211 530
204 212 300
204 213 2565
204 214 280
204 215 3935
204 218 5
204 219 165
204 223 5
204 232 590
204 233 5
204 234 355
204 235 5
204 236 655
204 237 5
204 239 315
204 240 135
204 241 5
204 242 5
204 243 5
204 244 5
204 245 5
204 250 5
204 253 290
204 255 5
204 257 5
204 260 120
204 261 5
204 263 5
204 278 5
205 206 130
205 207 5
205 208 135
205 212 10
205 215 5
205 219 15
205 230 5
205 236 5
206 207 315
206 208 2025
206 210 285
206 212 14010
206 213 150
206 215 2110
206 219 5
206 232 5
206 236 5
206 239 10
206 253 5
207 208 130
207 209 165
207 210 5
207 211 5
207 212 260
207 213 2715
207 215 305
207 218 5
207 219 360
207 223 5
207 232 7490
207 233 160
207 234 4105
207 235 510
207 236 2390
207 237 5
207 238 125
207 239 4125
207 240 775
207 242 5
207 243 15
207 244 10
207 245 370
207 250 5
207 252 5
207 253 3580
207 255 5
207 257 5
207 260 970
207 261 10
207 263 155
207 278 5
207 284 5
208 212 790
208 213 135
208 215 705
208 219 10
208 230 5
209 210 5
209 211 1095
209 214 2060
209 215 5
209 219 5
209 232 1435
209 235 5
209 236 15
209 237 5
209 238 10
209 239 575
209 242 240
209 245 5
209 248 145
209 252 2030
209 253 4380
209 255 5
209 257 5
209 260 430
209 261 10
209 263 310
209 278 5
209 293 5
209 444 160
210 211 145
211 212 5
211 214 15
211 232 5
211 253 325
211 260 5
211 444 5
212 213 5
212 215 710
212 219 5
212 232 5
212 239 5
212 253 5
213 215 140
213 219 10
213 232 265
213 234 10
213 236 5
213 239 5
213 243 5
213 244 5
213 253 5
214 252 5
214 253 5
214 260 5
215 219 440
215 232 275
215 236 5
215 239 5
215 260 5
216 218 3950
216 221 5
216 225 5
217 218 280
217 219 5
217 226 10
217 227 1885
217 229 765
217 243 5
217 257 5
217 266 105
217 269 5
217 272 5
217 274 115
217 276 1745
217 279 5
217 282 10
217 283 110
217 285 5
217 286 10
217 288 5
217 294 1040
217 299 5
217 300 5
217 302 5
217 307 5
217 338 10
217 342 5
217 343 5
217 348 5
218 219 6485
218 220 2435
218 221 3940
218 222 815
218 223 25
218 225 8335
218 226 260
218 227 7385
218 228 3110
218 229 10
218 230 10
218 231 155
218 232 10
218 233 10
218 236 5
218 240 5
218 241 5
218 243 5
218 244 140
218 257 5
218 266 85
218 268 105
218 269 5
218 271 5
218 272 90
218 274 10
218 276 2140
218 278 10
218 279 225
218 282 95
218 283 360
218 285 15
218 288 245
218 291 5
218 293 5
218 294 325
218 299 10
218 300 5
218 302 5
218 343 5
218 348 10
219 221 5
219 222 860
219 223 190
219 225 3395
219 228 2585
219 229 5
219 230 295
219 231 130
219 232 655
219 233 20
219 234 135
219 235 5
219 236 795
219 237 5
219 239 10
219 240 185
219 241 10
219 243 45
219 244 355
219 245 695
219 253 5
219 257 5
219 271 5
219 278 5
219 282 5
219 467 5
219 472 5
219 483 5
220 221 1700
220 223 10
220 225 295
220 227 870
220 231 145
221 223 5
221 225 155
221 227 2900
221 231 150
222 225 890
222 228 620
223 224 5
223 225 710
223 227 5
223 228 5
223 231 605
223 232 10
223 233 10
223 234 5
223 237 5
223 243 10
223 244 10
223 245 10
224 231 5
224 233 5
224 239 5
224 243 5
224 245 5
225 227 130
225 228 1460
225 230 140
225 231 5
225 232 5
225 233 5
225 245 5
226 227 295
226 271 5
226 272 145
226 274 5
226 276 1165
226 279 105
226 282 5
226 285 250
226 294 155
226 298 5
227 229 305
227 274 10
227 276 445
227 278 5
227 279 215
227 282 5
227 285 160
227 294 255
227 338 5
227 348 5
228 230 185
228 233 5
229 232 5
229 237 5
229 239 5
229 243 5
229 257 5
229 269 5
229 274 5
229 276 5
229 283 5
229 284 5
229 285 5
229 286 5
229 299 5
229 338 5
229 343 5
229 348 5
231 233 5
231 237 5
231 241 5
232 233 270
232 234 500
232 235 750
232 236 5095
232 237 10
232 238 125
232 239 4380
232 240 3370
232 241 10
232 242 410
232 243 40
232 244 280
232 245 730
232 252 160
232 253 4120
232 255 5
232 257 345
232 260 2155
232 261 305
232 263 5
232 267 5
232 275 5
232 278 5
233 234 150
233 236 5
233 239 5
233 240 5
233 241 5
233 243 155
233 244 165
233 245 265
233 253 5
233 278 5
234 236 425
234 239 145
234 240 415
234 243 5
234 244 10
234 245 10
235 238 5
235 239 125
235 253 230
235 260 5
235 263 5
236 237 15
236 238 5
236 239 5680
236 240 4005
236 241 120
236 242 10
236 243 2315
236 244 320
236 245 130
236 253 550
236 257 10
236 260 225
236 261 115
236 263 5
236 278 5
236 284 5
236 287 5
237 239 10
237 240 5
237 241 20
237 242 5
237 243 10
237 244 5
237 245 10
237 253 5
237 257 10
237 278 10
237 284 5
238 239 570
238 240 5
238 242 805
238 248 5
238 250 5
238 253 3750
238 260 765
238 261 10
238 263 540
239 240 940
239 241 10
239 242 1155
239 243 15
239 244 135
239 245 110
239 253 2220
239 257 125
239 260 2825
239 261 150
239 278 5
240 241 10
240 243 10
240 244 5
240 245 135
240 257 5
240 260 5
240 261 5
240 278 5
240 293 5
241 243 10
241 245 10
241 257 10
241 278 5
242 250 10
242 253 940
242 254 145
242 255 130
242 257 5
242 260 150
242 261 1165
242 263 5
242 267 5
243 244 1305
243 245 15
243 253 5
243 257 5
243 260 5
243 261 5
243 278 5
244 245 15
244 253 5
246 247 110
246 252 5
246 260 1005
246 263 5
246 267 120
247 248 5
247 249 445
247 253 135
247 255 5
247 258 930
247 259 5
247 260 9460
247 261 5
247 263 595
247 264 2840
247 265 170
247 267 120
247 271 5
247 292 5
247 293 5
247 307 485
247 317 5
247 332 170
248 251 1945
248 252 315
248 253 190
248 256 5
248 258 10
248 259 7265
248 260 9600
248 261 5
248 262 1025
248 263 1600
248 264 120
248 265 5
248 297 5
248 307 125
248 313 125
248 317 125
248 320 125
248 322 125
248 332 1950
249 251 150
249 258 1850
249 259 105
249 264 530
249 265 5
249 270 250
249 277 135
249 292 10
249 307 10
249 317 5
249 329 5
249 332 15
249 372 5
250 253 5
250 254 295
250 255 115
250 257 5
250 260 5
250 261 350
250 263 10
250 267 5
250 287 5
250 293 5
251 256 850
251 258 120
251 259 150
251 262 1005
251 264 5
251 265 5
251 292 115
251 295 115
251 303 115
251 307 320
251 313 95
251 320 115
251 322 500
251 323 5
251 324 480
251 329 725
251 332 1240
252 253 1680
252 255 5
252 258 5
252 260 1520
252 263 2320
252 264 10
253 254 5
253 255 5
253 257 140
253 260 7100
253 261 1175
253 263 5310
253 267 5
253 293 5
253 444 185
254 255 145
254 260 140
254 261 410
254 263 10
254 267 135
255 257 5
255 260 130
255 261 475
255 263 10
255 267 135
255 275 5
255 278 5
255 287 5
255 293 385
256 258 165
256 297 95
256 303 5
256 313 1840
256 317 155
256 318 110
256 322 220
256 324 255
256 329 210
256 332 1855
257 260 10
257 261 115
257 263 5
257 267 5
257 268 5
257 271 10
257 274 5
257 275 290
257 278 400
257 279 10
257 282 95
257 284 590
257 285 5
257 287 420
257 291 10
257 294 5
257 343 5
257 348 5
258 259 10
258 260 1535
258 264 6190
258 265 1820
258 293 5
258 296 75
258 297 160
258 305 5
258 307 5
258 313 5
258 318 110
258 332 665
259 262 5
259 264 220
259 265 5
259 292 5
259 307 5
259 332 10
260 261 3855
260 262 5
260 263 23515
260 264 3165
260 265 5
260 267 1560
260 270 5
260 278 5
260 284 5
260 287 5
260 293 10
260 296 5
260 297 150
260 305 5
260 307 5
260 317 5
260 320 5
260 322 10
260 332 10
261 263 385
261 267 5
261 293 5
262 322 110
262 324 255
262 329 210
262 332 530
263 264 130
263 267 10
263 270 5
263 293 5
263 332 10
264 265 690
264 270 10
264 297 5
264 305 5
264 332 605
265 277 5
265 292 5
265 296 5
265 297 255
265 303 5
265 305 95
265 317 140
265 329 5
265 332 680
266 269 470
266 271 5
266 272 10
266 273 5
266 276 105
266 279 95
266 281 5
266 282 5
266 283 325
266 285 10
266 286 450
266 289 5
266 291 5
266 294 90
266 296 5
266 298 105
266 299 1250
266 300 1665
266 302 805
266 304 10
266 307 5
266 310 5
266 314 5
266 319 5
266 335 5
266 336 5
266 338 210
266 342 5
266 343 1095
266 348 650
266 354 5
266 372 5
268 274 525
268 276 5
268 278 640
268 279 905
268 282 95
268 285 115
268 294 1375
268 336 5
268 338 5
268 348 10
269 271 5
269 272 145
269 273 5
269 276 335
269 279 310
269 281 5
269 282 230
269 283 1840
269 285 355
269 286 325
269 288 110
269 289 200
269 291 5
269 294 95
269 299 200
269 300 340
269 302 5
269 336 5
269 338 145
269 342 5
269 343 255
269 348 255
270 271 5
270 277 190
270 282 5
270 293 10
270 307 90
270 332 5
271 273 5
271 275 195
271 276 115
271 277 5
271 278 5
271 280 5
271 282 360
271 283 5
271 285 5
271 287 5
271 291 340
271 292 10
271 293 240
271 294 5
271 295 5
271 299 5
271 342 5
271 343 5
271 348 5
272 273 5
272 276 295
272 279 200
272 281 130
272 282 420
272 283 1250
272 285 90
272 289 680
272 290 90
272 291 5
272 298 5
272 299 5
272 300 5
272 302 5
272 303 5
272 332 5
273 275 95
273 276 5
273 278 5
273 281 10
273 282 100
273 283 5
273 285 105
273 289 5
273 290 310
273 291 10
273 293 5
273 296 10
273 298 10
273 299 10
273 300 5
273 301 10
273 302 10
273 303 120
273 304 5
273 307 5
273 310 5
273 317 5
273 319 5
273 321 5
273 329 5
273 332 10
273 342 5
273 343 5
273 348 5
273 372 5
274 276 100
274 278 375
274 279 275
274 285 5
274 294 570
274 336 5
275 276 5
275 278 10
275 280 5
275 282 590
275 284 400
275 285 10
275 287 820
275 291 10
275 293 5
276 278 110
276 279 945
276 281 5
276 282 2300
276 283 335
276 285 1115
276 286 195
276 288 480
276 289 200
276 294 1355
276 298 5
276 299 250
276 300 100
276 302 10
276 338 105
276 342 85
276 343 195
276 348 415
277 280 5
277 291 5
277 293 1205
277 317 5
278 279 10
278 282 100
278 284 105
278 285 105
278 287 5
278 294 325
279 282 520
279 283 430
279 285 225
279 294 730
279 299 100
279 300 5
279 336 5
279 338 215
279 342 5
279 343 110
279 348 345
279 354 5
280 282 15
280 284 5
280 291 5
280 293 10
281 282 5
281 283 645
281 285 110
281 288 115
281 289 5
281 291 5
281 298 5
281 299 10
281 300 5
281 302 5
281 310 5
281 314 5
281 332 10
281 336 5
281 342 5
281 343 5
281 348 5
282 283 680
282 284 5
282 285 1670
282 286 130
282 287 5
282 288 570
282 289 105
282 291 1735
282 293 10
282 294 120
282 299 5
282 332 5
282 336 5
282 338 5
282 343 5
282 348 130
283 285 340
283 286 565
283 288 550
283 289 1200
283 294 295
283 298 5
283 299 235
283 300 105
283 302 10
283 304 5
283 310 5
283 314 5
283 319 5
283 321 5
283 335 5
283 338 105
283 342 5
283 343 355
283 348 680
283 349 5
283 372 5
284 287 195
285 286 230
285 288 485
285 289 220
285 294 105
285 299 220
285 300 5
285 302 5
285 307 5
285 336 10
285 338 15
285 342 5
285 343 5
285 348 245
286 288 255
286 289 5
286 294 5
286 299 955
286 300 1230
286 302 10
286 307 5
286 336 5
286 338 330
286 342 5
286 343 470
286 348 505
288 289 205
288 294 5
288 299 100
288 300 5
288 302 5
288 338 5
288 342 5
288 343 5
288 348 5
289 290 215
289 291 5
289 292 5
289 296 10
289 298 10
289 299 5
289 301 5
289 302 295
289 303 100
289 304 5
289 310 5
289 314 5
289 319 5
289 332 5
289 348 85
290 296 105
290 297 5
290 298 105
290 299 10
290 302 5
290 303 595
290 304 105
290 310 5
290 314 5
290 317 5
290 329 5
290 332 5
290 348 5
290 372 5
291 293 5
291 298 5
291 299 5
291 300 5
291 302 5
291 303 5
291 310 5
291 317 5
291 319 5
291 329 5
291 332 5
291 342 5
291 343 5
291 348 5
291 372 5
292 293 5
292 299 5
292 302 10
292 303 10
292 304 5
292 305 5
292 307 5
292 310 10
292 314 5
292 321 5
292 329 5
292 332 10
292 343 5
292 348 5
293 298 5
293 307 5
293 332 5
294 299 5
294 300 10
294 338 10
294 343 5
294 348 95
295 296 405
295 297 100
295 298 5
295 299 5
295 302 5
295 303 435
295 304 10
295 305 1025
295 307 5
295 310 5
295 317 380
295 319 5
295 320 5
295 324 10
295 332 210
295 348 5
295 372 5
296 297 225
296 298 475
296 299 10
296 300 5
296 301 250
296 302 735
296 303 130
296 304 1195
296 305 1105
296 307 100
296 310 285
296 314 185
296 317 110
296 319 5
296 332 165
296 338 5
296 343 100
296 348 10
296 372 5
297 298 5
297 299 10
297 302 5
297 303 100
297 304 5
297 305 360
297 307 10
297 310 5
297 314 5
297 317 445
297 319 5
297 324 5
297 331 105
297 332 150
298 299 375
298 300 10
298 301 1890
298 302 1440
298 303 10
298 304 2060
298 305 5
298 307 225
298 310 740
298 314 105
298 317 5
298 319 110
298 321 10
298 328 5
298 332 10
298 338 5
298 342 5
298 343 10
298 348 610
298 354 5
298 372 115
299 300 1240
299 301 370
299 302 1555
299 303 5
299 304 5
299 307 15
299 310 10
299 314 5
299 319 5
299 321 5
299 332 5
299 335 5
299 336 95
299 338 1140
299 342 250
299 343 2125
299 348 2800
299 354 10
299 367 265
299 372 5
300 302 460
300 307 5
300 336 5
300 338 225
300 342 5
300 343 1570
300 348 1175
301 302 240
301 304 360
301 305 5
301 307 10
301 310 365
301 332 5
301 335 5
301 338 10
301 342 5
301 343 120
301 348 130
302 303 220
302 304 725
302 305 10
302 307 110
302 310 115
302 314 105
302 315 5
302 317 105
302 319 5
302 320 5
302 321 285
302 322 5
302 328 5
302 332 5
302 335 10
302 338 20
302 342 10
302 343 145
302 348 370
302 354 5
302 372 5
303 304 10
303 305 285
303 307 10
303 310 10
303 314 5
303 329 5
303 332 10
303 338 10
303 343 5
303 348 5
303 372 5
304 305 10
304 307 1070
304 310 195
304 314 305
304 319 5
304 320 5
304 321 10
304 322 110
304 328 5
304 329 10
304 331 5
304 332 10
304 338 5
304 343 15
304 348 350
304 354 5
304 372 5
305 307 10
305 310 5
305 317 5
305 329 5
305 332 10
305 348 5
305 372 5
306 307 1465
306 314 110
306 321 5
306 322 100
306 327 285
306 329 155
306 332 155
307 310 210
307 311 5
307 312 5
307 313 5
307 314 2455
307 317 605
307 319 285
307 320 10
307 321 1880
307 322 4180
307 323 5
307 324 260
307 327 1345
307 328 10
307 329 470
307 330 5
307 331 1535
307 332 1810
307 335 5
307 338 10
307 348 275
307 349 5
307 354 5
307 367 90
307 372 100
308 311 480
308 312 115
308 313 115
308 320 5
308 322 5
308 326 105
308 329 5
308 332 160
308 372 5
309 316 185
309 320 100
309 323 625
309 325 10
309 352 185
309 381 105
309 382 195
309 388 100
309 389 195
309 398 5
309 402 100
310 314 10
310 319 10
310 321 10
310 322 10
310 328 5
310 329 5
310 332 5
310 338 5
310 348 225
310 354 5
310 372 5
311 312 5
311 315 10
311 318 1300
311 320 3645
311 322 205
311 323 280
311 325 5
311 326 5
311 328 10
311 329 5
311 330 390
311 332 115
311 333 110
311 348 5
311 354 10
311 363 5
311 368 10
311 369 5
311 372 165
312 320 5
312 322 295
312 326 330
312 329 5
312 332 1255
313 317 5
313 322 105
313 324 100
313 329 100
313 332 1110
314 315 5
314 317 5
314 318 5
314 319 435
314 320 90
314 321 885
314 322 1480
314 327 190
314 328 110
314 329 5
314 331 85
314 332 10
314 335 315
314 338 5
314 342 190
314 348 1840
314 350 5
314 354 10
314 367 1015
314 368 5
314 372 100
315 319 5
315 322 5
315 325 935
315 333 265
315 348 5
315 354 105
315 357 5
315 368 5
315 369 5
315 372 10
316 323 380
316 351 10
316 352 335
316 357 5
316 359 5
316 364 5
316 368 10
316 369 5
316 381 5
316 382 780
316 388 300
316 389 15
316 393 80
316 397 5
316 402 100
316 428 5
317 324 175
317 329 270
317 331 190
317 332 3065
318 319 10
318 320 1405
318 323 295
318 325 5
318 328 275
318 329 110
318 330 110
318 332 5
318 333 315
318 354 5
318 368 195
318 372 310
319 321 490
319 322 15
319 328 105
319 329 5
319 331 5
319 332 240
319 335 120
319 338 5
319 342 1005
319 344 115
319 348 410
319 350 5
319 354 125
319 357 5
319 367 425
319 372 205
320 321 90
320 322 480
320 323 4260
320 326 245
320 329 115
320 330 210
320 332 830
320 333 265
320 348 5
320 368 5
320 372 545
320 381 90
320 382 5
320 393 80
320 399 5
320 402 90
320 428 5
320 431 5
320 434 85
320 436 5
321 322 1220
321 327 105
321 328 95
321 329 5
321 331 5
321 332 10
321 335 5
321 344 100
321 348 10
321 350 5
321 354 5
321 367 5
321 372 75
322 324 170
322 326 585
322 328 10
322 329 895
322 330 5
322 332 2800
322 333 5
322 335 5
322 344 100
322 348 335
322 350 5
322 354 5
322 357 5
322 367 80
322 372 5
323 330 115
323 332 5
323 333 5
323 337 5
323 339 5
323 348 5
323 351 5
323 352 85
323 354 10
323 357 5
323 359 10
323 367 5
323 368 5
323 372 5
323 381 185
323 382 130
323 385 5
323 388 85
323 389 995
323 391 10
323 392 175
323 393 80
323 397 5
323 398 10
323 399 5
323 402 205
323 403 5
323 407 5
323 428 90
323 431 110
323 434 10
323 436 5
324 327 75
324 329 1370
324 331 80
324 332 3445
325 333 5
325 351 10
325 352 5
325 354 10
325 357 5
325 358 5
325 359 5
325 363 5
325 368 5
325 372 5
325 381 5
325 382 5
325 389 5
326 329 75
326 332 1250
327 329 655
327 331 1850
327 332 240
328 330 110
328 333 195
328 348 10
328 354 5
328 368 5
328 372 10
329 331 265
329 332 18440
329 348 10
329 372 195
330 332 95
330 354 5
331 332 670
332 333 105
332 335 5
332 342 5
332 343 5
332 348 10
332 354 5
332 372 15
332 434 85
333 335 5
333 354 180
333 357 5
333 368 180
333 372 475
334 336 255
334 342 140
334 348 5
334 349 10
335 342 2210
335 348 2275
335 350 5
335 354 110
335 367 555
335 368 5
335 372 10
336 338 5
336 342 5
336 343 420
336 348 125
337 339 19165
337 340 1355
337 341 10
337 345 1655
337 346 5470
337 347 10
337 349 245
337 350 5
337 353 5
337 354 465
337 355 115
337 357 5
337 358 1055
337 359 5
337 362 5
337 363 5
337 365 650
337 366 4830
337 369 120
337 370 105
337 372 5
337 373 500
337 374 5
337 375 95
337 376 145
337 378 110
337 384 10
337 385 2550
337 389 5
337 396 345
337 397 5
337 399 5
337 400 5
337 403 210
338 342 5
338 343 830
338 348 855
339 340 10
339 341 2235
339 345 135
339 346 90
339 347 820
339 349 145
339 353 5
339 354 15
339 355 10
339 357 5
339 358 15
339 363 5
339 365 5
339 366 360
339 369 10
339 370 5
339 373 10
339 374 5
339 376 20
339 378 10
339 384 85
339 385 455
339 389 5
339 396 1020
339 397 5
339 399 5
339 400 105
339 403 10
340 344 5
340 346 5
340 348 5
340 349 100
340 353 5
340 354 485
340 355 345
340 357 5
340 358 260
340 359 5
340 360 5
340 363 5
340 365 230
340 366 2915
340 368 5
340 369 255
340 370 250
340 373 185
340 374 95
340 376 5
340 378 10
340 385 795
340 396 135
341 354 5
342 343 135
342 344 10
342 345 735
342 348 5015
342 349 6620
342 350 270
342 354 1250
342 367 300
342 370 5
342 372 270
343 348 1505
343 372 5
344 348 105
344 349 585
344 350 750
344 354 680
344 355 10
344 358 20
344 359 10
344 360 5
344 361 540
344 365 10
344 366 15
344 367 540
344 369 5
344 370 560
344 371 285
344 372 540
344 373 20
344 374 25
344 376 5
345 346 300
345 348 360
345 349 2330
345 354 150
345 365 5
346 349 215
346 354 5
346 358 5
346 366 10
346 369 5
346 370 5
347 349 5
347 366 95
347 376 5
347 384 85
347 396 370
347 403 5
348 349 1695
348 350 10
348 353 5
348 354 25
348 356 5
348 357 5
348 359 5
348 360 5
348 361 10
348 365 10
348 367 2250
348 368 5
348 370 115
348 372 485
348 373 5
349 350 120
349 353 5
349 354 1270
349 355 10
349 357 10
349 358 345
349 359 5
349 360 10
349 361 95
349 362 5
349 365 10
349 366 385
349 367 155
349 368 5
349 369 165
349 370 405
349 371 155
349 372 165
349 373 75
349 374 95
349 376 5
349 378 5
349 385 10
349 396 5
350 354 175
350 361 250
350 365 10
350 366 5
350 367 370
350 370 390
350 371 5
350 372 125
350 374 10
351 352 110
351 354 10
351 357 5
351 359 5
351 364 440
351 369 5
351 372 5
351 381 5
351 382 5
351 388 5
351 389 190
351 392 90
351 393 5
351 398 5
351 431 105
352 359 10
352 364 5
352 369 5
352 381 5
352 382 340
352 388 220
352 389 115
352 391 10
352 398 10
352 399 5
352 402 10
352 428 5
352 431 105
353 354 10
353 355 5
353 356 5
353 358 10
353 360 5
353 365 10
353 366 205
353 369 5
353 370 5
353 373 10
353 374 105
354 355 10
354 356 495
354 357 100
354 358 35
354 359 10
354 360 15
354 361 30
354 362 390
354 363 10
354 364 5
354 365 185
354 366 1845
354 367 1080
354 368 85
354 369 25
354 370 830
354 371 135
354 372 1385
354 373 190
354 374 285
354 376 10
354 378 10
354 385 5
354 389 5
354 393 80
354 403 5
354 428 5
355 358 420
355 363 5
355 365 210
355 366 765
355 367 10
355 369 5
355 370 415
355 371 135
355 373 120
355 374 10
355 376 5
355 378 110
355 396 5
356 360 10
356 362 625
356 372 200
357 358 10
357 359 10
357 363 190
357 364 5
357 365 5
357 368 10
357 369 10
357 372 10
357 373 5
358 359 300
358 363 280
358 365 185
358 366 2985
358 367 5
358 369 315
358 370 490
358 371 130
358 373 675
358 374 100
358 376 10
358 378 200
358 385 10
359 363 10
359 364 10
359 365 5
359 366 365
359 368 5
359 369 10
359 372 5
359 373 110
359 377 565
359 382 5
359 389 5
360 362 225
360 365 5
360 367 10
360 368 10
360 370 210
360 371 5
360 372 10
361 365 5
361 367 110
361 370 110
361 371 95
362 367 10
362 372 175
363 366 5
363 369 10
363 372 5
363 373 5
364 369 10
364 377 70
365 366 945
365 367 215
365 369 10
365 370 1525
365 371 115
365 372 5
365 373 20
365 374 370
365 378 5
365 385 450
365 396 5
366 367 10
366 369 2575
366 370 545
366 371 10
366 372 5
366 373 1270
366 374 445
366 376 2460
366 378 825
366 385 4275
366 396 1065
366 403 130
367 369 5
367 370 335
367 371 125
367 372 400
367 373 5
367 374 5
367 376 5
368 372 210
369 370 150
369 371 5
369 372 5
369 373 10
369 377 5
369 378 5
369 381 5
369 382 5
369 389 5
369 426 5
370 371 1095
370 372 10
370 373 145
370 374 90
371 372 5
371 373 5
372 374 5
373 374 170
373 375 5
373 378 110
373 397 5
373 399 5
374 378 5
374 385 5
375 376 85
375 385 510
375 387 5
375 397 475
375 399 125
375 403 490
376 378 5
376 384 10
376 385 100
376 387 15
376 389 225
376 390 10
376 391 305
376 392 90
376 393 770
376 395 5
376 396 120
376 397 1150
376 398 225
376 399 1930
376 401 5
376 403 430
376 406 10
376 407 10
376 426 5
376 428 225
376 434 75
376 436 5
378 385 1805
378 396 215
378 403 5
379 401 730
379 404 1040
379 410 145
379 412 225
379 413 5
379 428 115
379 434 475
379 436 700
380 387 5
380 389 135
380 391 5
380 392 5
380 393 1515
380 394 210
380 395 235
380 396 5
380 398 5
380 400 95
380 401 5
380 405 90
380 406 15
380 407 5
381 382 80
381 389 295
381 392 90
381 393 80
381 397 5
381 398 625
381 399 5
381 402 190
381 413 5
381 428 340
381 431 105
381 434 80
382 388 210
382 389 10
382 393 80
382 398 5
382 402 80
382 428 5
383 386 525
383 398 5
383 404 5
383 407 5
383 436 5
384 385 5
384 389 5
384 393 5
384 396 255
384 400 10
384 405 5
385 396 450
385 397 130
385 399 110
385 403 3870
385 436 5
386 391 5
386 395 5
386 396 5
386 398 10
386 400 10
386 404 595
386 405 815
386 407 265
386 436 10
387 389 450
387 390 440
387 391 120
387 393 490
387 394 5
387 395 220
387 396 5
387 397 785
387 398 5
387 399 1055
387 401 5
387 406 5
387 407 110
387 428 5
387 431 5
387 434 5
387 436 5
388 389 215
388 392 90
388 393 5
388 398 5
388 428 5
388 431 105
389 390 5
389 391 2790
389 392 3750
389 393 2050
389 394 215
389 395 240
389 396 5
389 397 15
389 398 3485
389 399 10
389 400 125
389 401 5
389 402 310
389 403 10
389 405 5
389 406 125
389 407 330
389 410 5
389 419 5
389 428 1130
389 431 10
389 434 535
389 436 5
390 395 5
390 397 130
390 399 1430
390 403 5
390 407 5
390 431 5
390 436 5
391 392 90
391 393 440
391 394 5
391 395 555
391 398 5250
391 400 5
391 401 195
391 405 95
391 406 5
391 407 10
391 410 165
391 413 5
391 428 975
391 431 5
391 434 200
391 436 75
392 393 295
392 402 5
392 422 5
392 426 5
392 428 10
392 431 5
392 434 235
393 394 1810
393 395 460
393 396 335
393 398 530
393 399 5
393 400 675
393 402 80
393 405 195
393 406 3040
393 407 105
393 410 5
393 413 5
393 422 5
393 426 5
393 428 125
393 431 5
393 434 490
393 436 5
394 395 10
394 396 415
394 400 740
394 405 270
394 406 655
395 396 10
395 398 5
395 400 120
395 401 5
395 404 5
395 405 10
395 406 360
395 407 15
395 434 75
395 436 5
396 400 1225
396 401 5
396 403 10
396 405 500
396 406 110
397 398 5
397 399 3350
397 403 1110
397 407 5
397 428 5
397 434 5
397 436 5
398 400 5
398 401 595
398 402 10
398 404 5
398 407 5
398 410 415
398 413 5
398 419 5
398 428 2930
398 431 105
398 434 1710
398 436 295
399 403 1115
399 407 5
399 428 115
399 431 5
400 405 10
400 406 115
400 407 5
400 428 5
400 431 5
401 404 780
401 410 295
401 412 1000
401 413 205
401 419 5
401 428 480
401 434 2355
401 436 5105
402 428 5
404 405 80
404 410 5325
404 411 5
404 412 420
404 413 5
404 416 5
404 422 155
404 428 10
404 434 520
404 436 1075
405 406 90
405 407 5
405 436 5
407 428 10
407 431 5
407 434 75
407 436 5
408 414 315
408 416 5
408 422 300
408 432 150
408 436 150
409 411 1560
409 418 10
409 419 5
409 421 5
409 422 1230
409 423 295
409 426 5
409 428 5
409 431 5
409 432 5
409 436 835
409 437 2665
410 411 155
410 412 3180
410 413 130
410 416 135
410 419 5
410 428 10
410 434 2930
410 436 2160
411 413 5
411 419 5
411 422 705
411 423 450
411 426 5
411 428 5
411 431 5
411 436 2665
411 437 2500
412 413 240
412 416 145
412 422 5
412 434 120
412 436 6800
413 428 10
413 434 10
413 436 105
414 416 145
414 418 5
414 422 160
414 436 10
414 437 135
415 418 10
415 420 985
415 421 650
415 422 10
415 424 5
415 425 5
415 435 1060
415 436 5
415 437 555
416 422 275
416 436 1425
417 420 5
417 421 490
417 425 5
417 430 155
418 422 335
418 424 345
418 432 5
418 436 10
418 437 865
419 421 15
419 422 5
419 423 5
419 426 400
419 427 10
419 428 10
419 429 165
419 431 1470
419 433 2020
419 434 85
419 436 10
419 437 980
420 421 2720
420 425 965
420 435 630
420 437 1000
421 422 5
421 425 580
421 426 5
421 429 140
421 430 10
421 431 10
421 433 5
421 435 1835
421 436 5
421 437 505
422 427 5
422 431 10
422 432 10
422 436 5950
422 437 3035
423 431 5
423 436 195
423 437 790
424 435 5
424 437 360
425 435 130
425 437 5
426 427 150
426 428 105
426 431 370
426 436 5
426 437 150
427 428 395
427 431 95
427 436 5
427 437 10
428 431 200
428 434 550
428 436 485
428 437 5
429 431 120
429 435 10
429 437 160
430 431 5
431 433 5
431 434 90
431 436 205
431 437 10
432 436 725
432 437 5
434 436 1320
434 437 10
435 437 1135
436 437 2790
438 444 5
438 445 5
438 446 10
438 453 5
438 455 1650
439 444 135
439 446 5
439 448 195
439 453 5
439 455 5
440 443 5
440 444 10
440 445 895
440 451 150
440 452 1700
440 453 130
440 455 10
441 444 575
441 452 5
441 454 375
442 443 115
442 445 125
442 447 5
442 449 475
442 451 15
442 452 5
443 444 5
443 445 3620
443 451 5
443 452 580
443 455 135
444 445 10
444 446 525
444 448 5
444 450 20
444 451 125
444 452 880
444 453 1005
444 454 1210
444 455 10
445 446 5
445 447 115
445 449 10
445 451 1320
445 452 3060
445 453 10
445 455 1090
446 448 225
446 452 155
446 453 785
446 455 130
447 451 10
447 452 5
447 455 15
448 453 5
449 451 2125
449 452 5
449 455 5
450 451 15
450 452 10
450 454 740
451 452 145
451 453 5
451 454 5
451 455 10
452 453 1885
452 454 420
452 455 10
453 455 5
456 457 5
456 462 10
456 464 155
456 465 395
456 466 5
456 467 60
456 468 5
456 469 20
456 470 320
456 472 5
456 475 5
456 476 1225
456 477 10
456 478 10
456 479 155
456 481 620
456 482 15
456 483 10
456 485 30
457 458 480
457 459 600
457 461 5
457 463 10
457 467 10
457 471 1995
457 472 10
457 473 5
457 474 10
457 475 295
457 477 185
457 480 10
457 483 525
457 484 5
458 459 5
458 461 10
458 463 5
458 467 5
458 471 325
458 472 5
458 473 5
458 475 520
458 477 5
458 480 150
458 483 5
459 467 5
459 471 825
459 473 5
459 474 5
459 475 5
459 483 540
459 484 160
460 461 10
460 480 780
461 471 10
461 475 355
461 480 580
462 481 10
463 467 35
463 471 10
463 472 10
463 473 10
463 475 5
463 477 10
463 483 1665
463 484 160
464 465 5
464 467 800
464 469 5
464 472 5
464 476 160
464 481 5
464 483 5
464 486 5
465 467 10
465 469 10
465 470 10
465 472 5
465 476 10
465 477 5
465 478 5
466 467 435
466 471 5
466 472 5
466 473 310
466 483 465
466 484 310
466 486 5
467 468 270
467 469 5
467 471 10
467 472 45
467 473 170
467 474 15
467 475 10
467 476 5
467 477 5
467 478 130
467 479 5
467 480 10
467 482 10
467 483 355
467 484 160
467 485 5
467 486 170
469 470 10
469 476 10
469 477 5
470 476 5
470 483 5
471 472 170
471 473 15
471 474 20
471 475 345
471 477 15
471 478 5
471 480 10
471 483 1610
471 484 10
471 485 5
471 486 5
472 473 5
472 474 5
472 475 5
472 477 5
472 479 10
472 483 110
472 484 5
472 485 5
472 486 10
473 474 5
473 477 5
473 483 25
473 484 5
474 477 5
474 484 5
475 480 815
475 483 5
475 484 5
476 479 10
476 481 145
476 483 10
476 485 10
477 478 5
477 483 10
478 482 730
479 481 5
479 485 145
480 483 5
480 486 5
481 483 5
481 485 5
483 484 1250
483 486 10
